-6.044492 -20.000000 -20.000000 -20.000000 1.000000 
 2.897935 -20.000000 -20.000000 -20.000000 1.000000 
 18.809381 -20.000000 -20.000000 -20.000000 1.000000 
 4.814038 -20.000000 -20.000000 -20.000000 1.000000 
-10.502325 -20.000000 -20.000000 -20.000000 1.000000 
 18.908476 -20.000000 -20.000000 -20.000000 1.000000 
-6.012312 -20.000000 -20.000000 -20.000000 1.000000 
-2.748710 -20.000000 -20.000000 -20.000000 1.000000 
-5.504309 -20.000000 -20.000000 -20.000000 1.000000 
 5.435154 -20.000000 -20.000000 -20.000000 1.000000 
 14.353226 -20.000000 -20.000000 -20.000000 1.000000 
 10.928245 -20.000000 -20.000000 -20.000000 1.000000 
-11.476964 -20.000000 -20.000000 -20.000000 1.000000 
-6.053470 -20.000000 -20.000000 -20.000000 1.000000 
-18.179826 -20.000000 -20.000000 -20.000000 1.000000 
 16.578292 -20.000000 -20.000000 -20.000000 1.000000 
-12.575969 -20.000000 -20.000000 -20.000000 1.000000 
 2.778386 -20.000000 -20.000000 -20.000000 1.000000 
-3.174365 -20.000000 -20.000000 -20.000000 1.000000 
-16.195930 -20.000000 -20.000000 -20.000000 1.000000 
-2.131251 -20.000000 -20.000000 -20.000000 1.000000 
-11.115653 -20.000000 -20.000000 -20.000000 1.000000 
-13.410884 -20.000000 -20.000000 -20.000000 1.000000 
 6.167074 -20.000000 -20.000000 -20.000000 1.000000 
-11.424336 -20.000000 -20.000000 -20.000000 1.000000 
 8.446295 -20.000000 -20.000000 -20.000000 1.000000 
 6.834991 -20.000000 -20.000000 -20.000000 1.000000 
-14.313399 -20.000000 -20.000000 -20.000000 1.000000 
-18.278992 -20.000000 -20.000000 -20.000000 1.000000 
-3.250879 -20.000000 -20.000000 -20.000000 1.000000 
-0.698327 -20.000000 -20.000000 -20.000000 1.000000 
 15.269433 -20.000000 -20.000000 -20.000000 1.000000 
-14.386065 -20.000000 -20.000000 -20.000000 1.000000 
-18.425970 -20.000000 -20.000000 -20.000000 1.000000 
 11.313107 -20.000000 -20.000000 -20.000000 1.000000 
-8.804015 -20.000000 -20.000000 -20.000000 1.000000 
 14.169194 -20.000000 -20.000000 -20.000000 1.000000 
-6.971952 -20.000000 -20.000000 -20.000000 1.000000 
 19.886345 -20.000000 -20.000000 -20.000000 1.000000 
-2.857697 -20.000000 -20.000000 -20.000000 1.000000 
-11.950505 -20.000000 -20.000000 -20.000000 1.000000 
 15.831644 -20.000000 -20.000000 -20.000000 1.000000 
 16.071653 -20.000000 -20.000000 -20.000000 1.000000 
 11.153587 -20.000000 -20.000000 -20.000000 1.000000 
-10.477190 -20.000000 -20.000000 -20.000000 1.000000 
 19.786881 -20.000000 -20.000000 -20.000000 1.000000 
 3.342695 -20.000000 -20.000000 -20.000000 1.000000 
 16.854024 -20.000000 -20.000000 -20.000000 1.000000 
 12.699285 -20.000000 -20.000000 -20.000000 1.000000 
 16.035813 -20.000000 -20.000000 -20.000000 1.000000 
 17.602638 -20.000000 -20.000000 -20.000000 1.000000 
 14.323227 -20.000000 -20.000000 -20.000000 1.000000 
 1.879302 -20.000000 -20.000000 -20.000000 1.000000 
 12.151805 -20.000000 -20.000000 -20.000000 1.000000 
-12.139121 -20.000000 -20.000000 -20.000000 1.000000 
 9.898561 -20.000000 -20.000000 -20.000000 1.000000 
-8.806832 -20.000000 -20.000000 -20.000000 1.000000 
 16.606480 -20.000000 -20.000000 -20.000000 1.000000 
 14.802330 -20.000000 -20.000000 -20.000000 1.000000 
-16.581965 -20.000000 -20.000000 -20.000000 1.000000 
 3.689719 -20.000000 -20.000000 -20.000000 1.000000 
 15.062212 -20.000000 -20.000000 -20.000000 1.000000 
-2.898473 -20.000000 -20.000000 -20.000000 1.000000 
-18.122129 -20.000000 -20.000000 -20.000000 1.000000 
-2.094483 -20.000000 -20.000000 -20.000000 1.000000 
-1.892620 -20.000000 -20.000000 -20.000000 1.000000 
 7.724691 -20.000000 -20.000000 -20.000000 1.000000 
-10.709541 -20.000000 -20.000000 -20.000000 1.000000 
-16.363730 -20.000000 -20.000000 -20.000000 1.000000 
-11.909840 -20.000000 -20.000000 -20.000000 1.000000 
 11.251231 -20.000000 -20.000000 -20.000000 1.000000 
 5.532928 -20.000000 -20.000000 -20.000000 1.000000 
 16.927028 -20.000000 -20.000000 -20.000000 1.000000 
-1.130239 -20.000000 -20.000000 -20.000000 1.000000 
 1.863501 -20.000000 -20.000000 -20.000000 1.000000 
 10.955389 -20.000000 -20.000000 -20.000000 1.000000 
 8.659007 -20.000000 -20.000000 -20.000000 1.000000 
 14.551985 -20.000000 -20.000000 -20.000000 1.000000 
 19.531779 -20.000000 -20.000000 -20.000000 1.000000 
 17.356507 -20.000000 -20.000000 -20.000000 1.000000 
-17.913351 -20.000000 -20.000000 -20.000000 1.000000 
 12.425127 -20.000000 -20.000000 -20.000000 1.000000 
 16.332655 -20.000000 -20.000000 -20.000000 1.000000 
-15.791702 -20.000000 -20.000000 -20.000000 1.000000 
 6.853357 -20.000000 -20.000000 -20.000000 1.000000 
-4.603945 -20.000000 -20.000000 -20.000000 1.000000 
-17.313676 -20.000000 -20.000000 -20.000000 1.000000 
-16.968812 -20.000000 -20.000000 -20.000000 1.000000 
-13.996351 -20.000000 -20.000000 -20.000000 1.000000 
-12.725211 -20.000000 -20.000000 -20.000000 1.000000 
 9.156673 -20.000000 -20.000000 -20.000000 1.000000 
 15.464629 -20.000000 -20.000000 -20.000000 1.000000 
 9.511693 -20.000000 -20.000000 -20.000000 1.000000 
 12.706963 -20.000000 -20.000000 -20.000000 1.000000 
-6.199895 -20.000000 -20.000000 -20.000000 1.000000 
-5.955896 -20.000000 -20.000000 -20.000000 1.000000 
 7.929965 -20.000000 -20.000000 -20.000000 1.000000 
 17.515352 -20.000000 -20.000000 -20.000000 1.000000 
-10.766880 -20.000000 -20.000000 -20.000000 1.000000 
-3.374245 -20.000000 -20.000000 -20.000000 1.000000 
 15.130762 -20.000000 -20.000000 -20.000000 1.000000 
-0.672916 -20.000000 -20.000000 -20.000000 1.000000 
 18.501485 -20.000000 -20.000000 -20.000000 1.000000 
-0.774779 -20.000000 -20.000000 -20.000000 1.000000 
-18.251149 -20.000000 -20.000000 -20.000000 1.000000 
-6.107022 -20.000000 -20.000000 -20.000000 1.000000 
-10.601580 -20.000000 -20.000000 -20.000000 1.000000 
-3.066492 -20.000000 -20.000000 -20.000000 1.000000 
-13.067016 -20.000000 -20.000000 -20.000000 1.000000 
-2.126360 -20.000000 -20.000000 -20.000000 1.000000 
 5.524284 -20.000000 -20.000000 -20.000000 1.000000 
 6.523148 -20.000000 -20.000000 -20.000000 1.000000 
 17.995390 -20.000000 -20.000000 -20.000000 1.000000 
 6.609590 -20.000000 -20.000000 -20.000000 1.000000 
 8.117323 -20.000000 -20.000000 -20.000000 1.000000 
-18.670809 -20.000000 -20.000000 -20.000000 1.000000 
-14.752001 -20.000000 -20.000000 -20.000000 1.000000 
 12.064491 -20.000000 -20.000000 -20.000000 1.000000 
 11.127703 -20.000000 -20.000000 -20.000000 1.000000 
 11.048214 -20.000000 -20.000000 -20.000000 1.000000 
 14.261835 -20.000000 -20.000000 -20.000000 1.000000 
-1.790845 -20.000000 -20.000000 -20.000000 1.000000 
 10.388764 -20.000000 -20.000000 -20.000000 1.000000 
 12.060944 -20.000000 -20.000000 -20.000000 1.000000 
 2.081428 -20.000000 -20.000000 -20.000000 1.000000 
-9.584558 -20.000000 -20.000000 -20.000000 1.000000 
 14.095203 -20.000000 -20.000000 -20.000000 1.000000 
 4.231993 -20.000000 -20.000000 -20.000000 1.000000 
-15.025870 -20.000000 -20.000000 -20.000000 1.000000 
-15.515047 -20.000000 -20.000000 -20.000000 1.000000 
-3.106473 -20.000000 -20.000000 -20.000000 1.000000 
-16.517253 -20.000000 -20.000000 -20.000000 1.000000 
 1.121160 -20.000000 -20.000000 -20.000000 1.000000 
-17.549939 -20.000000 -20.000000 -20.000000 1.000000 
 6.351911 -20.000000 -20.000000 -20.000000 1.000000 
-0.660441 -20.000000 -20.000000 -20.000000 1.000000 
-2.850846 -20.000000 -20.000000 -20.000000 1.000000 
 18.089561 -20.000000 -20.000000 -20.000000 1.000000 
 5.580076 -20.000000 -20.000000 -20.000000 1.000000 
-0.328468 -20.000000 -20.000000 -20.000000 1.000000 
-16.063291 -20.000000 -20.000000 -20.000000 1.000000 
-0.105701 -20.000000 -20.000000 -20.000000 1.000000 
-11.564901 -20.000000 -20.000000 -20.000000 1.000000 
-1.187938 -20.000000 -20.000000 -20.000000 1.000000 
 19.313595 -20.000000 -20.000000 -20.000000 1.000000 
-5.488070 -20.000000 -20.000000 -20.000000 1.000000 
-14.857111 -20.000000 -20.000000 -20.000000 1.000000 
 4.870654 -20.000000 -20.000000 -20.000000 1.000000 
 3.699309 -20.000000 -20.000000 -20.000000 1.000000 
-1.561050 -20.000000 -20.000000 -20.000000 1.000000 
 6.970230 -20.000000 -20.000000 -20.000000 1.000000 
 11.858187 -20.000000 -20.000000 -20.000000 1.000000 
-16.045870 -20.000000 -20.000000 -20.000000 1.000000 
 7.231279 -20.000000 -20.000000 -20.000000 1.000000 
 1.787250 -20.000000 -20.000000 -20.000000 1.000000 
 3.567955 -20.000000 -20.000000 -20.000000 1.000000 
 6.651783 -20.000000 -20.000000 -20.000000 1.000000 
-2.456368 -20.000000 -20.000000 -20.000000 1.000000 
 8.259431 -20.000000 -20.000000 -20.000000 1.000000 
-12.526615 -20.000000 -20.000000 -20.000000 1.000000 
 4.863632 -20.000000 -20.000000 -20.000000 1.000000 
 4.991872 -20.000000 -20.000000 -20.000000 1.000000 
 3.897437 -20.000000 -20.000000 -20.000000 1.000000 
-5.288949 -20.000000 -20.000000 -20.000000 1.000000 
 3.818465 -20.000000 -20.000000 -20.000000 1.000000 
 8.109797 -20.000000 -20.000000 -20.000000 1.000000 
-3.275654 -20.000000 -20.000000 -20.000000 1.000000 
 18.224118 -20.000000 -20.000000 -20.000000 1.000000 
-10.106624 -20.000000 -20.000000 -20.000000 1.000000 
 6.136449 -20.000000 -20.000000 -20.000000 1.000000 
-11.143437 -20.000000 -20.000000 -20.000000 1.000000 
 15.927227 -20.000000 -20.000000 -20.000000 1.000000 
 9.897960 -20.000000 -20.000000 -20.000000 1.000000 
-15.345228 -20.000000 -20.000000 -20.000000 1.000000 
 18.995462 -20.000000 -20.000000 -20.000000 1.000000 
-4.680205 -20.000000 -20.000000 -20.000000 1.000000 
 1.480921 -20.000000 -20.000000 -20.000000 1.000000 
 7.212307 -20.000000 -20.000000 -20.000000 1.000000 
 12.681268 -20.000000 -20.000000 -20.000000 1.000000 
-4.749565 -20.000000 -20.000000 -20.000000 1.000000 
 16.288517 -20.000000 -20.000000 -20.000000 1.000000 
 12.872259 -20.000000 -20.000000 -20.000000 1.000000 
 16.561167 -20.000000 -20.000000 -20.000000 1.000000 
-5.247898 -20.000000 -20.000000 -20.000000 1.000000 
 9.947332 -20.000000 -20.000000 -20.000000 1.000000 
 8.457964 -20.000000 -20.000000 -20.000000 1.000000 
 7.622855 -20.000000 -20.000000 -20.000000 1.000000 
 3.692043 -20.000000 -20.000000 -20.000000 1.000000 
 9.796390 -20.000000 -20.000000 -20.000000 1.000000 
 3.891320 -20.000000 -20.000000 -20.000000 1.000000 
 14.984367 -20.000000 -20.000000 -20.000000 1.000000 
 15.014050 -20.000000 -20.000000 -20.000000 1.000000 
-1.518847 -20.000000 -20.000000 -20.000000 1.000000 
 3.709748 -20.000000 -20.000000 -20.000000 1.000000 
 15.100399 -20.000000 -20.000000 -20.000000 1.000000 
 19.157379 -20.000000 -20.000000 -20.000000 1.000000 
-3.836324 -20.000000 -20.000000 -20.000000 1.000000 
 13.544740 -20.000000 -20.000000 -20.000000 1.000000 
 7.320884 -20.000000 -20.000000 -20.000000 1.000000 
 15.285685 -20.000000 -20.000000 -20.000000 1.000000 
 0.502440 -20.000000 -20.000000 -20.000000 1.000000 
-19.117006 -20.000000 -20.000000 -20.000000 1.000000 
-6.645983 -20.000000 -20.000000 -20.000000 1.000000 
-4.569976 -20.000000 -20.000000 -20.000000 1.000000 
-4.845920 -20.000000 -20.000000 -20.000000 1.000000 
 2.804143 -20.000000 -20.000000 -20.000000 1.000000 
 6.324359 -20.000000 -20.000000 -20.000000 1.000000 
 4.432960 -20.000000 -20.000000 -20.000000 1.000000 
 3.296707 -20.000000 -20.000000 -20.000000 1.000000 
 4.262595 -20.000000 -20.000000 -20.000000 1.000000 
 1.838846 -20.000000 -20.000000 -20.000000 1.000000 
-18.550232 -20.000000 -20.000000 -20.000000 1.000000 
-9.190843 -20.000000 -20.000000 -20.000000 1.000000 
 5.623733 -20.000000 -20.000000 -20.000000 1.000000 
-9.040284 -20.000000 -20.000000 -20.000000 1.000000 
 14.393769 -20.000000 -20.000000 -20.000000 1.000000 
-11.974689 -20.000000 -20.000000 -20.000000 1.000000 
-5.412724 -20.000000 -20.000000 -20.000000 1.000000 
 0.582277 -20.000000 -20.000000 -20.000000 1.000000 
 4.915689 -20.000000 -20.000000 -20.000000 1.000000 
 7.517026 -20.000000 -20.000000 -20.000000 1.000000 
-15.466460 -20.000000 -20.000000 -20.000000 1.000000 
 1.511650 -20.000000 -20.000000 -20.000000 1.000000 
 17.322977 -20.000000 -20.000000 -20.000000 1.000000 
-7.528743 -20.000000 -20.000000 -20.000000 1.000000 
 18.691168 -20.000000 -20.000000 -20.000000 1.000000 
 17.846615 -20.000000 -20.000000 -20.000000 1.000000 
 15.515515 -20.000000 -20.000000 -20.000000 1.000000 
 5.790745 -20.000000 -20.000000 -20.000000 1.000000 
 6.938696 -20.000000 -20.000000 -20.000000 1.000000 
-3.543691 -20.000000 -20.000000 -20.000000 1.000000 
-10.836266 -20.000000 -20.000000 -20.000000 1.000000 
-1.988690 -20.000000 -20.000000 -20.000000 1.000000 
 2.746946 -20.000000 -20.000000 -20.000000 1.000000 
 5.458810 -20.000000 -20.000000 -20.000000 1.000000 
 15.884240 -20.000000 -20.000000 -20.000000 1.000000 
-8.261081 -20.000000 -20.000000 -20.000000 1.000000 
-9.824640 -20.000000 -20.000000 -20.000000 1.000000 
-7.002609 -20.000000 -20.000000 -20.000000 1.000000 
-17.061800 -20.000000 -20.000000 -20.000000 1.000000 
-12.591454 -20.000000 -20.000000 -20.000000 1.000000 
 5.796689 -20.000000 -20.000000 -20.000000 1.000000 
 6.048872 -20.000000 -20.000000 -20.000000 1.000000 
 14.958727 -20.000000 -20.000000 -20.000000 1.000000 
-14.903747 -20.000000 -20.000000 -20.000000 1.000000 
 16.044382 -20.000000 -20.000000 -20.000000 1.000000 
-3.015958 -20.000000 -20.000000 -20.000000 1.000000 
 10.665549 -20.000000 -20.000000 -20.000000 1.000000 
-11.456530 -20.000000 -20.000000 -20.000000 1.000000 
-17.791365 -20.000000 -20.000000 -20.000000 1.000000 
 5.641065 -20.000000 -20.000000 -20.000000 1.000000 
 13.055713 -20.000000 -20.000000 -20.000000 1.000000 
 9.079172 -20.000000 -20.000000 -20.000000 1.000000 
-9.455083 -20.000000 -20.000000 -20.000000 1.000000 
 14.069409 -20.000000 -20.000000 -20.000000 1.000000 
 5.589128 -20.000000 -20.000000 -20.000000 1.000000 
-0.728931 -20.000000 -20.000000 -20.000000 1.000000 
-15.627745 -20.000000 -20.000000 -20.000000 1.000000 
-9.380103 -20.000000 -20.000000 -20.000000 1.000000 
 3.308984 -20.000000 -20.000000 -20.000000 1.000000 
-17.645066 -20.000000 -20.000000 -20.000000 1.000000 
-1.470780 -20.000000 -20.000000 -20.000000 1.000000 
 9.204073 -20.000000 -20.000000 -20.000000 1.000000 
-7.035793 -20.000000 -20.000000 -20.000000 1.000000 
 11.276955 -20.000000 -20.000000 -20.000000 1.000000 
 14.903355 -20.000000 -20.000000 -20.000000 1.000000 
 14.913600 -20.000000 -20.000000 -20.000000 1.000000 
-7.498799 -20.000000 -20.000000 -20.000000 1.000000 
 8.364001 -20.000000 -20.000000 -20.000000 1.000000 
-12.753718 -20.000000 -20.000000 -20.000000 1.000000 
 16.558329 -20.000000 -20.000000 -20.000000 1.000000 
-15.661704 -20.000000 -20.000000 -20.000000 1.000000 
-13.569227 -20.000000 -20.000000 -20.000000 1.000000 
 16.333234 -20.000000 -20.000000 -20.000000 1.000000 
 16.296711 -20.000000 -20.000000 -20.000000 1.000000 
 6.055550 -20.000000 -20.000000 -20.000000 1.000000 
 0.929047 -20.000000 -20.000000 -20.000000 1.000000 
 17.745335 -20.000000 -20.000000 -20.000000 1.000000 
 8.180151 -20.000000 -20.000000 -20.000000 1.000000 
-0.680200 -20.000000 -20.000000 -20.000000 1.000000 
 12.888508 -20.000000 -20.000000 -20.000000 1.000000 
 7.266574 -20.000000 -20.000000 -20.000000 1.000000 
 8.334286 -20.000000 -20.000000 -20.000000 1.000000 
-4.292458 -20.000000 -20.000000 -20.000000 1.000000 
 11.630058 -20.000000 -20.000000 -20.000000 1.000000 
 10.166845 -20.000000 -20.000000 -20.000000 1.000000 
 0.250636 -20.000000 -20.000000 -20.000000 1.000000 
 16.149700 -20.000000 -20.000000 -20.000000 1.000000 
 15.646952 -20.000000 -20.000000 -20.000000 1.000000 
 5.903550 -20.000000 -20.000000 -20.000000 1.000000 
 12.370423 -20.000000 -20.000000 -20.000000 1.000000 
-10.777801 -20.000000 -20.000000 -20.000000 1.000000 
 9.187067 -20.000000 -20.000000 -20.000000 1.000000 
 8.700419 -20.000000 -20.000000 -20.000000 1.000000 
 12.391869 -20.000000 -20.000000 -20.000000 1.000000 
-10.897689 -20.000000 -20.000000 -20.000000 1.000000 
-3.889436 -20.000000 -20.000000 -20.000000 1.000000 
 14.412558 -20.000000 -20.000000 -20.000000 1.000000 
 0.524475 -20.000000 -20.000000 -20.000000 1.000000 
 7.801955 -20.000000 -20.000000 -20.000000 1.000000 
 2.761189 -20.000000 -20.000000 -20.000000 1.000000 
 17.852966 -20.000000 -20.000000 -20.000000 1.000000 
-10.917040 -20.000000 -20.000000 -20.000000 1.000000 
 7.917070 -20.000000 -20.000000 -20.000000 1.000000 
 18.554558 -20.000000 -20.000000 -20.000000 1.000000 
 7.912154 -20.000000 -20.000000 -20.000000 1.000000 
-15.151119 -20.000000 -20.000000 -20.000000 1.000000 
 4.905894 -20.000000 -20.000000 -20.000000 1.000000 
 10.003705 -20.000000 -20.000000 -20.000000 1.000000 
-9.558796 -20.000000 -20.000000 -20.000000 1.000000 
 19.871779 -20.000000 -20.000000 -20.000000 1.000000 
-8.225198 -20.000000 -20.000000 -20.000000 1.000000 
-17.474322 -20.000000 -20.000000 -20.000000 1.000000 
 7.081992 -20.000000 -20.000000 -20.000000 1.000000 
-8.072273 -20.000000 -20.000000 -20.000000 1.000000 
-12.666362 -20.000000 -20.000000 -20.000000 1.000000 
-10.311619 -20.000000 -20.000000 -20.000000 1.000000 
 12.881173 -20.000000 -20.000000 -20.000000 1.000000 
 3.295241 -20.000000 -20.000000 -20.000000 1.000000 
 9.812998 -20.000000 -20.000000 -20.000000 1.000000 
-11.027734 -20.000000 -20.000000 -20.000000 1.000000 
-6.339878 -20.000000 -20.000000 -20.000000 1.000000 
 0.390205 -20.000000 -20.000000 -20.000000 1.000000 
 15.625311 -20.000000 -20.000000 -20.000000 1.000000 
 8.325378 -20.000000 -20.000000 -20.000000 1.000000 
-5.915409 -20.000000 -20.000000 -20.000000 1.000000 
-9.407228 -20.000000 -20.000000 -20.000000 1.000000 
 18.425736 -20.000000 -20.000000 -20.000000 1.000000 
-19.470975 -20.000000 -20.000000 -20.000000 1.000000 
 7.781287 -20.000000 -20.000000 -20.000000 1.000000 
-11.632764 -20.000000 -20.000000 -20.000000 1.000000 
 17.500510 -20.000000 -20.000000 -20.000000 1.000000 
-1.611755 -20.000000 -20.000000 -20.000000 1.000000 
-11.400229 -20.000000 -20.000000 -20.000000 1.000000 
 11.426573 -20.000000 -20.000000 -20.000000 1.000000 
-12.781915 -20.000000 -20.000000 -20.000000 1.000000 
 17.709101 -20.000000 -20.000000 -20.000000 1.000000 
 9.462374 -20.000000 -20.000000 -20.000000 1.000000 
 18.566611 -20.000000 -20.000000 -20.000000 1.000000 
-16.024911 -20.000000 -20.000000 -20.000000 1.000000 
 8.353686 -20.000000 -20.000000 -20.000000 1.000000 
 13.210660 -20.000000 -20.000000 -20.000000 1.000000 
 19.017498 -20.000000 -20.000000 -20.000000 1.000000 
-13.294136 -20.000000 -20.000000 -20.000000 1.000000 
-0.990251 -20.000000 -20.000000 -20.000000 1.000000 
 1.361798 -20.000000 -20.000000 -20.000000 1.000000 
-1.822895 -20.000000 -20.000000 -20.000000 1.000000 
 10.988945 -20.000000 -20.000000 -20.000000 1.000000 
-16.978348 -20.000000 -20.000000 -20.000000 1.000000 
-2.568023 -20.000000 -20.000000 -20.000000 1.000000 
-9.422210 -20.000000 -20.000000 -20.000000 1.000000 
-12.540858 -20.000000 -20.000000 -20.000000 1.000000 
 18.384628 -20.000000 -20.000000 -20.000000 1.000000 
-1.569853 -20.000000 -20.000000 -20.000000 1.000000 
 13.683207 -20.000000 -20.000000 -20.000000 1.000000 
 14.705565 -20.000000 -20.000000 -20.000000 1.000000 
-0.867989 -20.000000 -20.000000 -20.000000 1.000000 
-16.587151 -20.000000 -20.000000 -20.000000 1.000000 
 6.026315 -20.000000 -20.000000 -20.000000 1.000000 
-2.476760 -20.000000 -20.000000 -20.000000 1.000000 
 18.033276 -20.000000 -20.000000 -20.000000 1.000000 
 11.774956 -20.000000 -20.000000 -20.000000 1.000000 
 0.170644 -20.000000 -20.000000 -20.000000 1.000000 
-13.824738 -20.000000 -20.000000 -20.000000 1.000000 
-0.404063 -20.000000 -20.000000 -20.000000 1.000000 
 4.881909 -20.000000 -20.000000 -20.000000 1.000000 
-18.156795 -20.000000 -20.000000 -20.000000 1.000000 
 3.463624 -20.000000 -20.000000 -20.000000 1.000000 
-0.686777 -20.000000 -20.000000 -20.000000 1.000000 
 10.702013 -20.000000 -20.000000 -20.000000 1.000000 
-11.797831 -20.000000 -20.000000 -20.000000 1.000000 
 16.128510 -20.000000 -20.000000 -20.000000 1.000000 
-19.177870 -20.000000 -20.000000 -20.000000 1.000000 
-6.133345 -20.000000 -20.000000 -20.000000 1.000000 
-9.025767 -20.000000 -20.000000 -20.000000 1.000000 
-0.248371 -20.000000 -20.000000 -20.000000 1.000000 
-11.187364 -20.000000 -20.000000 -20.000000 1.000000 
-11.631054 -20.000000 -20.000000 -20.000000 1.000000 
 5.962587 -20.000000 -20.000000 -20.000000 1.000000 
 8.110572 -20.000000 -20.000000 -20.000000 1.000000 
 10.036215 -20.000000 -20.000000 -20.000000 1.000000 
 0.289425 -20.000000 -20.000000 -20.000000 1.000000 
 18.822715 -20.000000 -20.000000 -20.000000 1.000000 
-0.422382 -20.000000 -20.000000 -20.000000 1.000000 
-0.449100 -20.000000 -20.000000 -20.000000 1.000000 
 13.100517 -20.000000 -20.000000 -20.000000 1.000000 
 11.526545 -20.000000 -20.000000 -20.000000 1.000000 
 0.545302 -20.000000 -20.000000 -20.000000 1.000000 
 12.534494 -20.000000 -20.000000 -20.000000 1.000000 
 4.395554 -20.000000 -20.000000 -20.000000 1.000000 
-1.700953 -20.000000 -20.000000 -20.000000 1.000000 
-19.268585 -20.000000 -20.000000 -20.000000 1.000000 
 7.164209 -20.000000 -20.000000 -20.000000 1.000000 
 18.231214 -20.000000 -20.000000 -20.000000 1.000000 
-4.973085 -20.000000 -20.000000 -20.000000 1.000000 
-5.121266 -20.000000 -20.000000 -20.000000 1.000000 
 9.377009 -20.000000 -20.000000 -20.000000 1.000000 
 9.436412 -20.000000 -20.000000 -20.000000 1.000000 
 13.659166 -20.000000 -20.000000 -20.000000 1.000000 
 11.417087 -20.000000 -20.000000 -20.000000 1.000000 
