0.0000	0.0000	0.3040	0.2870	0.0335
-3.3621	5.2310	6.6460	-1.8450	0.0422
-8.7907	3.3438	-3.0900	-1.8720	0.0271
-1.8440	9.0354	2.7370	2.2130	0.0299
-4.6260	6.2806	-1.4160	6.3220	0.0262
-0.3739	8.0468	8.5270	5.0320	0.0399
2.3357	10.6578	1.1180	-4.6370	0.0262
-1.8716	1.2972	-4.7500	4.4190	0.0244
-15.193 4.4354	-1.1900	-0.2830	0.0338
9.1036	12.6276	-2.8730	-3.8700	0.0297
6.7533	10.5499	7.6860	7.6390	0.0284
-6.8996	5.1148	-3.0630	12.2160	0.0248
0.5765	-6.3130	-8.0660	7.0440	0.0230
1.5394	7.8731	11.3180	-2.9530	0.0150
-4.7340	-0.5603	-1.8640	-4.0830	0.0289
-2.8861	3.3174	4.2120	3.3800	0.0449
0.0000	6.8019	3.4160	7.5430	0.0322
4.1584	4.5025	0.8060	3.4610	0.0283
-4.1584	4.9590	0.6250	-0.7460	0.0314
1.2516	2.8262	6.7220	-4.3510	0.0466
2.7206	4.5001	7.4420	1.7770	0.0418
4.9990	-0.6933	7.4460	3.0890	0.0792
6.9488	2.3325	5.4150	-0.7410	0.0353
3.8454	-3.5762	10.2960	7.4340	0.0236
0.1652	-0.4513	7.8670	4.9230	0.0858
5.3563	-4.9434	11.5760	1.9860	0.0319
6.1681	-2.6728	3.4470	6.2310	0.0373
-2.2721	-3.5523	3.1900	4.6460	0.0505
-3.4005	-1.8856	11.8750	3.4700	0.0263
1.0322	-2.8837	5.6820	10.1220	0.0713
2.3668	0.9318	12.6390	4.1290	0.0144
3.3885	2.3001	4.8860	7.0030	0.0428
1.9340	-1.1055	0.4170	6.9120	0.0310
-4.0804	-0.9306	6.8130	8.2930	0.1288
-6.6334	-4.5372	6.5870	4.9420	0.1638
-4.2795	-6.4915	7.2880	9.1190	0.0874
-6.5663	-2.9028	10.6990	9.0460	0.1043
-7.2606	-0.2739	3.0630	7.2300	0.0623
-9.3231	-0.8515	8.6860	5.3730	0.1993
-10.939 -4.5888	6.4920	7.6980	0.1114
-9.3423	-0.8790	8.8800	5.5270	0.0935
-10.354 -0.8731	7.0440	6.7940	0.1598
-10.396 0.1865	7.5910	5.0320	0.1407
-8.7739	-0.2991	6.1340	7.1800	0.2513
-8.7235	-0.3051	7.4730	5.5680	0.1148
-9.1096	-0.9042	7.9760	8.4920	0.1251
-10.007 -0.8874	8.1930	3.7060	0.1220
-10.422 -2.0737	7.2790	4.9550	0.1925
-8.0580	-4.8691	5.5870	5.7720	0.1264
-7.9896	-0.3782	9.2600	4.4470	0.0945
