-19.6765	-4.0831	5.4740	-7.9790	0.2626
-18.6848	-3.4349	7.7720	-7.3660	0.1116
-20.0087	-5.1963	5.6280	-9.5680	0.2116
-21.6971	-5.7870	5.4470	-7.7430	0.1895
-18.7987	-5.2334	4.0540	-9.2230	0.1857
-20.0758	-1.7813	5.4790	-8.0840	0.1519
-19.5830	-6.4136	5.7630	-7.1300	0.1927
-18.6224	-3.2935	4.7140	-9.2640	0.1617
-21.4680	-7.0655	7.0170	-7.6610	0.1267
-21.0975	-6.1944	4.1120	-9.7960	0.1119
-19.9331	-4.9746	2.9720	-11.162 0.0758
-22.4417	-2.1959	7.2340	-3.7110	0.1415
-21.5052	-4.0507	2.8460	-4.6050	0.0772
-25.3592	0.0000	4.3570	-4.4370	0.0863
-25.8713	-4.4330	5.3200	-2.9350	0.1940
-29.5131	-3.2635	5.5640	-5.3960	0.1374
-25.9996	-4.0711	8.8980	-5.2370	0.0803
-27.0129	-5.8229	3.2170	-6.8800	0.0921
-22.2978	-7.0607	6.8490	-2.4120	0.0919
-26.7119	-8.6064	7.1210	-4.5420	0.0634
-22.7991	-2.5817	5.3930	0.7820	0.1940
-21.7978	-3.7296	5.5830	-7.5430	0.2568
-18.5373	-0.6933	5.4200	-8.7010	0.1103
-20.1214	-3.1149	6.5370	-6.6580	0.2713
-18.8215	-4.6091	5.0530	-11.212 0.1401
-20.1586	-7.0415	5.0080	-8.4790	0.1019
-20.8660	-4.7493	6.7270	-8.7150	0.2020
-17.8634	-5.2657	6.2700	-8.7150	0.2320
-18.4162	-3.1329	6.3470	-8.4330	0.2568
-19.6285	-6.9493	7.7540	-8.9280	0.0935
