-14.65568 1.55365 11.621999740600586 11.774999618530273 0.05511782546095504
-0.72763 13.90496 -0.574999988079071 29.788000106811523 0.01237194928911689
-14.52377 1.53927 11.928999900817871 10.613000869750977 0.0493563936403284
-15.13654 3.30905 11.141999244689941 11.943000793457031 0.055138768210920196
-13.55007 1.19178 10.73900032043457 11.675000190734863 0.06662966046527696
-1.48069 14.23207 0.31700000166893005 28.79800033569336 0.007719620200169283
-14.97465 4.24366 12.580999374389648 13.114999771118164 0.04769571801102986
-14.2084 1.66868 9.63599967956543 11.470999717712402 0.09626219022237789
-14.59812 3.33182 7.939000129699707 7.810999870300293 0.08665671776277227
-14.16283 2.17792 5.26099967956543 10.716999053955078 0.10619884881071832
-17.57679 2.56016 7.1020002365112305 12.343000411987305 0.1798471947990542
-15.17011 1.74417 6.492000102996826 15.298999786376953 0.11909826683508273
-16.12103 6.13087 5.256999969482422 13.669000625610352 0.02224901958726536
-17.51564 0.61544 4.066999912261963 12.5649995803833 0.09456150270769184
-19.42707 0.24758 7.397000312805176 15.585000038146973 0.17770466332772772
-19.3875 -0.30989 9.645000457763672 11.48900032043457 0.10916310692084445
-27.84746 4.31556 5.830999851226807 12.119999885559082 0.13245323570650439
-27.84626 4.31556 5.822000026702881 12.138999938964844 0.15018785229652767
-24.69851 4.21011 5.667999744415283 14.709000587463379 0.14990633779917228
-28.45422 2.5985 3.6010000705718994 15.180999755859375 0.07537783614444091
-28.25876 5.0321 6.433000087738037 16.148000717163086 0.19425717247145283
