-2.42082 7.82157 2.1540000438690186 14.236000061035156 0.03732183445056873
-3.55041 3.65653 5.039999961853027 11.888999938964844 0.05112543034080132
-0.80317 3.0718 0.7059999704360962 12.951000213623047 0.04571105184949842
1.14972 0.95214 5.269999980926514 13.019000053405762 0.08725945907447251
0.08249 4.47612 5.822000026702881 17.232999801635742 0.06271472455890648
-0.97105 -0.53156 4.9629998207092285 17.250999450683594 0.14865882924943327
-3.60677 -2.61887 5.921999931335449 14.32699966430664 0.2048366225996757
-2.92446 -3.85424 7.397000312805176 18.246000289916992 0.07732446730270591
-3.39812 0.7724 9.205999374389648 14.194999694824219 0.08008547010984655
0.21679 -4.7625 5.3379998207092285 13.909000396728516 0.1684303842133038
-3.67872 -7.03313 5.420000076293945 15.4350004196167 0.07765404531490194
-6.04822 -1.83883 4.184999942779541 17.08300018310547 0.12847641737370694
-2.29611 -3.87461 2.501999855041504 12.074999809265137 0.08287893668111398
-1.89799 -3.70446 2.8910000324249268 17.111000061035156 0.09596622583171503
0.45542 -2.78542 9.630999565124512 15.135000228881836 0.06167241303304536
-1.94116 -2.67399 7.505000114440918 10.463000297546387 0.14433756729740646
-2.11384 -6.88695 6.631999969482422 11.261999130249023 0.07132251558473288
