0.0000	0.0894	0.3350	-0.2870	0.0419
6.0362	-1.3583	-7.3780	-1.7180	0.0289
7.9741	-1.9095	-6.6230	-8.1930	0.0301
9.6181	5.7390	-6.8630	-1.4540	0.0195
6.3288	-3.3198	0.3080	-0.9320	0.0400
3.1643	5.5977	-14.299 -5.0870	0.0215
8.5161	3.8315	-0.8280	5.2870	0.0304
-3.2230	-5.3676	0.8600	-2.6480	0.0473
1.4795	-6.2327	1.1310	1.3950	0.0467
5.9379	-5.3664	7.0120	-0.5960	0.0505
-4.5121	-3.8626	-2.0360	-7.7250	0.0372
-4.6380	3.0730	4.4340	-4.5190	0.0401
-1.6042	8.4327	1.8420	-4.7050	0.0393
0.2072	9.1121	4.1580	2.5170	0.0334
3.9329	-3.8183	-2.8640	-7.4120	0.0405
-7.9489	4.4030	-4.5780	-5.3180	0.0259
8.6240	-5.3592	0.5030	-7.9290	0.0460
9.0701	-0.2032	5.3470	-2.5300	0.0350
3.0240	0.6598	7.7630	-0.9140	0.0315
0.7852	-2.6249	1.9410	-11.176 0.0439
-20.136 -3.1341	6.7360	-6.8210	0.0759
-2.0143	7.5460	-11.251 -6.5630	0.0212
10.4251	-10.494 -1.7740	-11.321 0.0644
0.5070	-0.8024	-0.3170	-6.2170	0.0506
13.6484	-7.6442	-3.9990	-6.5310	0.0552
5.3599	-4.0543	14.1280	2.6120	0.0405
9.3267	-7.6143	-6.2570	-9.4780	0.0389
4.1200	4.6295	-2.5740	0.6780	0.0190
-7.4908	-3.1305	4.2980	-5.2460	0.1239
-4.1656	-2.2043	6.2250	-1.6270	0.0886
-7.5100	-3.1557	4.4920	-5.4090	0.1067
-3.9125	-2.9017	7.0070	0.5280	0.0903
-9.2032	-3.7057	4.6730	-4.6600	0.1752
-8.4393	-4.7649	3.9130	-4.2380	0.2078
-9.6493	-5.0309	4.4880	-5.9090	0.4472
-11.437 -5.7774	5.2570	-6.3450	0.3303
-9.8927	-4.0675	3.5200	-7.0710	0.1337
-8.8698	-5.3724	5.2570	-7.1660	0.3735
-10.915 -6.2243	4.2250	-6.3850	0.2561
