0.0000	0.1865	0.3130	-0.2920	0.0256
6.1274	-0.2021	-1.4890	4.6460	0.0233
7.8973	-3.0922	-6.4690	13.7190	0.0206
10.8496	-1.6100	-1.8460	11.3080	0.0231
6.6874	3.2503	-7.4600	14.4000	0.0190
-4.0576	1.9191	4.3750	5.8410	0.0327
-1.9471	-2.5518	-1.1540	-7.6070	0.0257
-7.2558 0.7161	5.5920	-10.504 0.0418
-2.5767	-1.8412	3.9810	-11.780 0.0372
-6.6142	-1.3823	2.7420	-6.1900	0.0385
-8.2235	-3.1533	4.9900	-15.017 0.0539
-4.5061	1.4446	6.2200	-16.425 0.0431
-8.2486	3.9489	1.7470	-7.4620	0.0304
-2.3285	4.6211	2.5920	-13.101 0.0274
-9.5893	1.6435	9.6310	-14.118 0.0605
-14.922 3.8554	11.6490	-14.790 0.0302
-10.243 -1.8364	-0.6610	-14.650 0.0316
-10.715 -8.5549	4.4430	-15.467 0.0747
-15.744 -7.3267	4.0490	-13.437 0.0746
-8.3854	4.8715	8.6950	-7.4890	0.0469
-16.781 -9.4140	5.6730	-9.0240	0.1002
-21.433 -7.3459	5.7180	-11.362 0.1555
-20.619 -7.7341	1.4800	-9.5230	0.0677
-22.249 -12.116 4.8320	-10.449 0.0558
-20.804 -8.7753	3.4840	-15.562 0.1005
-21.024 -8.5549	8.8980	-8.0340	0.0519
-26.175 -6.6880	7.8670	-11.140 0.0598
-22.253 -4.0615	3.6420	-13.991 0.1398
-19.661 -4.0591	5.2980	-7.8110	0.2887
-23.026 -3.2324	8.3740	-8.1430	0.0623
