0.689276 0.188211 0.575329 0.227974
0.425115 0.147331 0.317862 0.207144
1.045049 0.586455 1.186813 0.02613
1.009983 0.471793 0.826473 0.390608
1.139745 0.580498 1.746452 -0.086946
0.849072 -0.021433 1.376811 0.682397
1.237249 0.724935 1.693089 -0.037517
1.62795 0.76525 1.717629 0.211422
1.42826 0.830385 2.138728 -0.420724
1.424059 1.027762 1.925578 0.218511
0.482484 0.054265 1.581871 0.651417
0.987117 -0.323577 1.269439 0.7319
0.692482 0.36385 0.555846 -0.311228
0.852651 0.074011 1.030932 0.952641
1.66225 1.202804 2.552012 -0.614629
1.157099 -0.219452 1.106895 0.965523
0.92284 -0.226809 1.703743 0.514635
0.708562 -0.190206 1.031338 1.17921
0.603524 0.705973 0.803273 -0.554353
0.977704 0.787046 0.479228 -0.61968
1.733351 0.861894 2.901467 -0.673561
0.353002 0.336209 0.548925 0.346792
0.81605 0.565391 0.535015 0.301499
0.544931 0.564562 0.858446 -0.898297
0.800421 -0.250605 1.52571 0.619428
0.796442 0.883891 0.760633 -0.895577
0.342341 0.102165 0.129185 0.504203
1.837337 1.173471 2.821023 -0.636766
0.799249 -0.321596 1.184946 1.483309
0.276712 0.579996 1.055385 -0.926297
