-0.703203 13.883474 -0.465945 29.574068
-14.507255 1.513097 11.760186 10.4222
-15.119235 3.28544 10.955137 11.726954
-13.533308 1.163579 10.56387 11.452838
-1.459091 14.211476 0.004344 28.554711
-14.957021 4.219208 12.400769 12.872577
-14.190934 1.64249 9.436032 11.25564
-14.580726 3.307248 7.738964 7.626466
-14.14561 2.153107 5.087852 10.497118
-17.561009 2.534746 6.907373 12.105956
-15.152758 1.718246 6.3021 15.050492
-16.105011 6.107672 5.074905 13.394124
-17.499738 0.584956 3.876373 12.324757
-19.411939 0.193398 7.197369 15.345538
-19.371633 -0.277993 9.431105 11.27324
-27.834749 4.291959 5.651173 11.9115
-24.684892 4.185122 5.496761 14.469661
-28.441974 2.573754 3.4302 14.94003
-28.247446 5.007773 6.253525 15.981729
