-19.999203 0.000000 1.000000 0.401294
-19.839203 0.000000 1.000000 0.401294
-19.679203 0.000000 1.000000 0.401294
-19.519203 0.000000 1.000000 0.401294
-19.359203 0.000000 1.000000 0.401294
-19.199203 0.000000 1.000000 0.401294
-19.039203 0.000000 1.000000 0.401294
-18.879203 0.000000 1.000000 0.401294
-18.719203 0.000000 1.000000 0.401294
-18.559203 0.000000 1.000000 0.401294
-18.399203 0.000000 1.000000 0.401294
-18.239203 0.000000 1.000000 0.401294
-18.079203 0.000000 1.000000 0.401294
-17.919203 0.000000 1.000000 0.401294
-17.759203 0.000000 1.000000 0.401294
-17.599203 0.000000 1.000000 0.401294
-17.439203 0.000000 1.000000 0.401294
-17.279203 0.000000 1.000000 0.401294
-17.119203 0.000000 1.000000 0.401294
-16.959203 0.000000 1.000000 0.401294
-16.799203 0.000000 1.000000 0.401294
-16.639203 0.000000 1.000000 0.401294
-16.479203 0.000000 1.000000 0.401294
-16.319203 0.000000 1.000000 0.401294
-16.159203 0.000000 1.000000 0.401294
-15.999203 0.000000 1.000000 0.401294
-15.839203 0.000000 1.000000 0.401294
-15.679203 0.000000 1.000000 0.401294
-15.519203 0.000000 1.000000 0.401294
-15.359203 0.000000 1.000000 0.401294
-15.199203 0.000000 1.000000 0.401294
-15.039203 0.000000 1.000000 0.401294
-14.879203 0.000000 1.000000 0.401294
-14.719203 0.000000 1.000000 0.401294
-14.559203 0.000000 1.000000 0.401294
-14.399203 0.000000 1.000000 0.401294
-14.239203 0.000000 1.000000 0.401294
-14.079203 0.000000 1.000000 0.401294
-13.919203 0.000000 1.000000 0.401294
-13.759203 0.000000 1.000000 0.401294
-13.599203 0.000000 1.000000 0.401294
-13.439203 0.000000 1.000000 0.401294
-13.279203 0.000000 1.000000 0.401294
-13.119203 0.000000 1.000000 0.401294
-12.959203 0.000000 1.000000 0.401294
-12.799203 0.000000 1.000000 0.401294
-12.639203 0.000000 1.000000 0.401294
-12.479203 0.000000 1.000000 0.401294
-12.319203 0.000000 1.000000 0.401294
-12.159203 0.000000 1.000000 0.401294
-11.999203 0.000000 1.000000 0.401294
-11.839203 0.000000 1.000000 0.401294
-11.679203 0.000000 1.000000 0.401294
-11.519203 0.000000 1.000000 0.401294
-11.359203 0.000000 1.000000 0.401294
-11.199203 0.000000 1.000000 0.401294
-11.039203 0.000000 1.000000 0.401294
-10.879203 0.000000 1.000000 0.401294
-10.719203 0.000000 1.000000 0.401294
-10.559203 0.000000 1.000000 0.401294
-10.399203 0.000000 1.000000 0.401294
-10.239203 0.000000 1.000000 0.401294
-10.079203 0.000000 1.000000 0.401294
-9.919203 0.000000 1.000000 0.401294
-9.759203 0.000000 1.000000 0.401294
-9.599203 0.000000 1.000000 0.401294
-9.439203 0.000000 1.000000 0.401294
-9.279203 0.000000 1.000000 0.401294
-9.119203 0.000000 1.000000 0.401294
-8.959203 0.000000 1.000000 0.401294
-8.799203 0.000000 1.000000 0.401294
-8.639203 0.000000 1.000000 0.401294
-8.479203 0.000000 1.000000 0.401294
-8.319203 0.000000 1.000000 0.401294
-8.159203 0.000000 1.000000 0.401294
-7.999203 0.000000 1.000000 0.401294
-7.839203 0.000000 1.000000 0.401294
-7.679203 0.000000 1.000000 0.401294
-7.519203 0.000000 1.000000 0.401294
-7.359203 0.000000 1.000000 0.401294
-7.199203 0.000000 1.000000 0.401294
-7.039203 0.000000 1.000000 0.401294
-6.879203 0.000000 1.000000 0.401294
-6.719203 0.000000 1.000000 0.401294
-6.559203 0.000000 1.000000 0.401294
-6.399203 0.000000 1.000000 0.401294
-6.239203 0.000000 1.000000 0.401294
-6.079203 0.000000 1.000000 0.401294
-5.919203 0.000000 1.000000 0.401294
-5.759203 0.000000 1.000000 0.401294
-5.599203 0.000000 1.000000 0.401294
-5.439203 0.000000 1.000000 0.401294
-5.279203 0.000000 1.000000 0.401294
-5.119203 0.000000 1.000000 0.401294
-4.959203 0.000000 1.000000 0.401294
-4.799203 0.000000 1.000000 0.401294
-4.639203 0.000000 1.000000 0.401294
-4.479203 0.000000 1.000000 0.401294
-4.319203 0.000000 1.000000 0.401294
-4.159203 0.000000 1.000000 0.401294
-3.999203 0.000000 1.000000 0.401294
-3.839203 0.000000 1.000000 0.401294
-3.679203 0.000000 1.000000 0.401294
-3.519203 0.000000 1.000000 0.401294
-3.359203 0.000000 1.000000 0.401294
-3.199203 0.000000 1.000000 0.401294
-3.039203 0.000000 1.000000 0.401294
-2.879203 0.000000 1.000000 0.401294
-2.719203 0.000000 1.000000 0.401294
-2.559203 0.000000 1.000000 0.401294
-2.399203 0.000000 1.000000 0.401294
-2.239203 0.000000 1.000000 0.401294
-2.079203 0.000000 1.000000 0.401294
-1.919203 0.000000 1.000000 0.401294
-1.759203 0.000000 1.000000 0.401294
-1.599203 0.000000 1.000000 0.401294
-1.439203 0.000000 1.000000 0.401294
-1.279203 0.000000 1.000000 0.401294
-1.119203 0.000000 1.000000 0.401294
-0.959203 0.000000 1.000000 0.401294
-0.799203 0.000002 1.000000 0.401294
-0.639203 0.000951 0.999980 0.401659
-0.479203 0.043566 0.956343 0.414549
-0.319203 0.149937 0.006984 0.000000
-0.159203 0.049807 0.006122 0.000000
 0.000797 0.100127 0.006124 0.000000
 0.160797 0.049654 0.007011 0.000000
 0.320797 0.006815 0.958549 0.399863
 0.480797 0.000133 0.999982 0.401343
 0.640797 0.000000 1.000000 0.401294
 0.800797 0.000000 1.000000 0.401294
 0.960797 0.000000 1.000000 0.401294
 1.120797 0.000000 1.000000 0.401294
 1.280797 0.000000 1.000000 0.401294
 1.440797 0.000000 1.000000 0.401294
 1.600797 0.000000 1.000000 0.401294
 1.760797 0.000000 1.000000 0.401294
 1.920797 0.000000 1.000000 0.401294
 2.080797 0.000000 1.000000 0.401294
 2.240797 0.000000 1.000000 0.401294
 2.400797 0.000000 1.000000 0.401294
 2.560797 0.000000 1.000000 0.401294
 2.720797 0.000000 1.000000 0.401294
 2.880797 0.000000 1.000000 0.401294
 3.040797 0.000000 1.000000 0.401294
 3.200797 0.000000 1.000000 0.401294
 3.360797 0.000000 1.000000 0.401294
 3.520797 0.000000 1.000000 0.401294
 3.680797 0.000000 1.000000 0.401294
 3.840797 0.000000 1.000000 0.401294
 4.000797 0.000000 1.000000 0.401294
 4.160797 0.000000 1.000000 0.401294
 4.320797 0.000000 1.000000 0.401294
 4.480797 0.000000 1.000000 0.401294
 4.640797 0.000000 1.000000 0.401294
 4.800797 0.000000 1.000000 0.401294
 4.960797 0.000000 1.000000 0.401294
 5.120797 0.000000 1.000000 0.401294
 5.280797 0.000000 1.000000 0.401294
 5.440797 0.000000 1.000000 0.401294
 5.600797 0.000000 1.000000 0.401294
 5.760797 0.000000 1.000000 0.401294
 5.920797 0.000000 1.000000 0.401294
 6.080797 0.000000 1.000000 0.401294
 6.240797 0.000000 1.000000 0.401294
 6.400797 0.000000 1.000000 0.401294
 6.560797 0.000000 1.000000 0.401294
 6.720797 0.000000 1.000000 0.401294
 6.880797 0.000000 1.000000 0.401294
 7.040797 0.000000 1.000000 0.401294
 7.200797 0.000000 1.000000 0.401294
 7.360797 0.000000 1.000000 0.401294
 7.520797 0.000000 1.000000 0.401294
 7.680797 0.000000 1.000000 0.401294
 7.840797 0.000000 1.000000 0.401294
 8.000797 0.000000 1.000000 0.401294
 8.160797 0.000000 1.000000 0.401294
 8.320797 0.000000 1.000000 0.401294
 8.480797 0.000000 1.000000 0.401294
 8.640797 0.000000 1.000000 0.401294
 8.800797 0.000000 1.000000 0.401294
 8.960797 0.000000 1.000000 0.401294
 9.120797 0.000000 1.000000 0.401294
 9.280797 0.000000 1.000000 0.401294
 9.440797 0.000000 1.000000 0.401294
 9.600797 0.000000 1.000000 0.401294
 9.760797 0.000000 1.000000 0.401294
 9.920797 0.000000 1.000000 0.401294
 10.080797 0.000000 1.000000 0.401294
 10.240797 0.000000 1.000000 0.401294
 10.400797 0.000000 1.000000 0.401294
 10.560797 0.000000 1.000000 0.401294
 10.720797 0.000000 1.000000 0.401294
 10.880797 0.000000 1.000000 0.401294
 11.040797 0.000000 1.000000 0.401294
 11.200797 0.000000 1.000000 0.401294
 11.360797 0.000000 1.000000 0.401294
 11.520797 0.000000 1.000000 0.401294
 11.680797 0.000000 1.000000 0.401294
 11.840797 0.000000 1.000000 0.401294
 12.000797 0.000000 1.000000 0.401294
 12.160797 0.000000 1.000000 0.401294
 12.320797 0.000000 1.000000 0.401294
 12.480797 0.000000 1.000000 0.401294
 12.640797 0.000000 1.000000 0.401294
 12.800797 0.000000 1.000000 0.401294
 12.960797 0.000000 1.000000 0.401294
 13.120797 0.000000 1.000000 0.401294
 13.280797 0.000000 1.000000 0.401294
 13.440797 0.000000 1.000000 0.401294
 13.600797 0.000000 1.000000 0.401294
 13.760797 0.000000 1.000000 0.401294
 13.920797 0.000000 1.000000 0.401294
 14.080797 0.000000 1.000000 0.401294
 14.240797 0.000000 1.000000 0.401294
 14.400797 0.000000 1.000000 0.401294
 14.560797 0.000000 1.000000 0.401294
 14.720797 0.000000 1.000000 0.401294
 14.880797 0.000000 1.000000 0.401294
 15.040797 0.000000 1.000000 0.401294
 15.200797 0.000000 1.000000 0.401294
 15.360797 0.000000 1.000000 0.401294
 15.520797 0.000000 1.000000 0.401294
 15.680797 0.000000 1.000000 0.401294
 15.840797 0.000000 1.000000 0.401294
 16.000797 0.000000 1.000000 0.401294
 16.160797 0.000000 1.000000 0.401294
 16.320797 0.000000 1.000000 0.401294
 16.480797 0.000000 1.000000 0.401294
 16.640797 0.000000 1.000000 0.401294
 16.800797 0.000000 1.000000 0.401294
 16.960797 0.000000 1.000000 0.401294
 17.120797 0.000000 1.000000 0.401294
 17.280797 0.000000 1.000000 0.401294
 17.440797 0.000000 1.000000 0.401294
 17.600797 0.000000 1.000000 0.401294
 17.760797 0.000000 1.000000 0.401294
 17.920797 0.000000 1.000000 0.401294
 18.080797 0.000000 1.000000 0.401294
 18.240797 0.000000 1.000000 0.401294
 18.400797 0.000000 1.000000 0.401294
 18.560797 0.000000 1.000000 0.401294
 18.720797 0.000000 1.000000 0.401294
 18.880797 0.000000 1.000000 0.401294
 19.040797 0.000000 1.000000 0.401294
 19.200797 0.000000 1.000000 0.401294
 19.360797 0.000000 1.000000 0.401294
 19.520797 0.000000 1.000000 0.401294
 19.680797 0.000000 1.000000 0.401294
 19.840797 0.000000 1.000000 0.401294
